# Block 6 - protein allergen flip list. Derived by query 12.09.2026 (6ח-א): the 94
# codes of db/block6_protein_allergens.tsv - 86 identity + 8 recipes - ascending
# numeric. Input for --expect-added in 6ח-ג.
258
420
446
472
499
504
508
522
533
562
572
609
615
619
623
624
626
636
675
717
721
729
772
780
781
782
788
799
807
825
834
838
841
846
856
873
880
886
892
894
926
928
941
943
963
1040
1152
1182
1206
1223
1277
1296
1298
1308
1311
1332
1340
1360
1561
1564
1565
1566
1573
1574
1575
1632
1638
1653
1661
1669
1679
1704
1724
8186
8188
8229
8260
8274
8506
8547
8598
8601
8604
8605
8804
8837
9516
9535
9560
9635
9717
9851
10141
10142
