# Block 5 - protein tagging list. 141 source_codes from docs/work/2026-09-05-block-4-curation.md, table "### כן (141)" (block 4b, 05.09.2026). One code per line; lines starting with # are comments.
9851
8712
1724
8274
8547
258
9560
8840
1564
1566
1561
1565
1575
1574
1573
805
807
799
825
802
788
8837
8625
834
838
841
846
856
8804
8186
880
886
873
889
894
892
8188
926
928
923
910
944
941
943
963
1040
1347
1360
8260
1182
1152
1206
1223
1267
1277
1308
1296
1332
1298
9635
1311
1307
1340
8584
624
626
623
625
615
609
636
653
649
619
680
663
661
662
670
675
683
681
8741
9650
772
781
780
782
721
717
729
494
500
499
504
522
508
533
8506
8605
539
556
8696
8690
8608
472
9516
572
420
8601
446
8604
8598
562
561
9793
1669
1653
1661
9717
1674
8221
1630
1632
8229
1638
9535
1679
10141
1704
10142
1698
9589
1790
10126
8868
9768
1810
1805
1792
1791
